6323
6329
6336
6350
6366
6415
6416
6417
6418
6424
6425
6441
6442
6443
6450
6453
6454
6459
6460
6462
6463
6465
6466
6468
6475
6476
6477
6485
6493
6508
6531
6532
6533
6534
6537
6538
6546
6547
6561
6563
6576
6581
6582
6583
6609
6611
6615
6619
6624
6630
6635
6642
6658
6659
6661
6664
6667
6676
6692
6695
6698
6699
6707
6708
6719
6720
6725
6726
6728
6735
6736
6737
6738
6743
6744
6745
6746
6868
6903
6911
6931
6944
6945
6946
6966
6991
6992
6993
7010
7043
7054
7084
7118
7148
7190
7258
7281
7314
7339
7396
7455
7474
7539
7568
7656
7657
7658
7698
7812
7837
7914
7924
7944
7959
7967
7993
7994
8002
8035
8036
8037
8596
8606
8655
8665
8712
8720
8721
8722
8730
8733
8824
9011
9012
9013
9014
9016
9020
9022
9023
9028
9031
9034
9070
9071
9072
9074
9075
9076
9077
9078
9079
9080
9081
9083
9091
9092
9093
9094
9193
9195
9196
9197
9202
9203
9205
9206
9209
9210
9213
9241
9242
9244
9252
9253
9255
9313
9314
9315
9316
9317
9318
9319
9320
9321
9322
9323
9324
9326
9327
9328
9329
9330
9331
9332
9333
9334
9335
9337
9338
9342
9344
9345
9346
9349
9350
9351
9352
9353
9356
9357
9358
9359
9360
9361
9362
9363
9365
9366
9367
9368
9369
9371
9372
9373
9414
9418
9419
9420
9421
9422
9425
9426
9427
9428
9429
9430
9444
9445
9446
9447
9450
9451
9452
9453
9454
9455
9456
